R_kpc,z_kpc,b1,b2,b3,b4,b5,b6,b7,b8,b9,b10,b11,b12,b13,b14,b15,b16,b17,b18,b19,b20,b21,b22,b23,b24,b25,b26,b27,b28,b29,b30,b31,b32,b33,b34,b35,b36,b37,b38,b39,b40,b41,b42,b43,b44,b45,b46,b47,b48,b49,b50,b51,b52,b53,b54,b55,b56,b57,b58,b59,b60,b61,b62,b63,b64,b65,b66,b67,b68,b69,b70,b71,b72,b73,b74,b75,b76,b77,b78,b79,b80,b81,b82,b83,b84,b85,b86,b87,b88,b89,b90,b91,b92,b93,b94,b95,b96,b97,b98,b99,b100
7.79,0.3,167.247,173.86,188.147,192.417,159.467,183.149,199.764,175.882,157.182,173.589,185.072,175.231,171.292,172.167,174.265,177.76,176.975,180.54,181.234,185.814,178.772,176.301,178.677,184.526,172.715,185.665,175.796,178.128,184.88,188.013,182.718,179.879,183.683,180.084,177.561,176.235,177.176,177.822,182.755,186.801,185.566,188.11,182.826,194.449,188.344,184.012,189.107,173.316,175.926,183.44,186.426,186.263,182.158,188.057,182.613,191.533,190.39,178.778,181.776,189.931,187.098,196.978,192.654,181.726,183.81,187.734,188.398,186.257,189.581,191.033,189.125,184.016,188.489,187.442,193.202,184.762,191.539,195.932,201.351,189.57,190.427,193.649,195.457,190.688,182.792,187.124,195.31,197.727,188.021,187.592,191.868,203.708,196.141,198.166,186.691,189.86,193.544,192.824,201.519,199.105
7.79,0.421,291.17,301.394,327.432,335.496,277.478,319.102,347.901,306.054,273.335,302.2,322.143,304.984,297.833,299.652,303.358,309.35,308.161,314.45,315.832,323.699,311.283,306.949,311.277,321.541,300.388,323.754,306.238,310.269,322.47,327.728,318.74,313.547,320.499,313.898,309.281,307.026,308.854,310.074,318.734,326.027,323.84,328.248,318.89,339.488,328.711,321.165,330.056,302.28,306.926,320.052,325.472,325.303,317.922,328.586,318.915,334.529,332.657,311.863,317.242,331.863,326.765,344.592,336.754,317.154,321.169,328.172,329.152,325.369,331.363,334.128,330.616,321.704,329.528,327.829,337.831,323.061,335.071,342.831,352.395,331.448,332.987,338.72,341.866,333.425,319.743,327.267,341.669,346.259,328.818,328.164,335.55,356.819,343.379,346.842,326.52,331.987,338.855,337.454,353.053,348.789
7.79,0.516,402.884,415.614,452.577,464.299,383.924,441.513,480.946,423.177,378.063,418.024,445.372,421.776,411.658,414.451,419.603,427.737,426.287,435.013,437.09,447.788,430.57,424.584,430.721,444.91,415.24,448.185,423.78,429.283,446.506,453.526,441.419,434.026,443.918,434.503,427.925,424.881,427.588,429.368,441.341,451.614,448.573,454.606,441.587,470.263,455.3,444.93,457.163,418.707,425.196,443.28,450.953,450.841,440.463,455.517,442.026,463.57,461.124,431.955,439.509,460.035,452.864,478.003,466.914,439.389,445.302,455.099,456.269,451.014,459.465,463.504,458.483,446.215,457.007,454.796,468.525,448.137,464.864,475.648,488.922,459.682,461.849,469.855,474.17,462.441,443.69,454.016,473.971,480.663,456.142,455.339,465.427,495.328,476.589,481.283,453,460.459,470.358,468.292,490.197,484.275
7.79,0.621,539.128,554.113,604.551,620.907,513.891,590.465,642.336,565.69,505.921,559.083,595.121,563.94,550.191,554.269,561.156,571.761,570.096,581.742,584.728,598.694,575.743,567.794,576.153,595.018,554.997,599.661,566.971,574.188,597.562,606.547,590.903,580.778,594.31,581.406,572.391,568.442,572.29,574.786,590.699,604.607,600.549,608.475,591.065,629.446,609.474,595.776,611.948,560.77,569.481,593.435,603.87,603.892,589.863,610.294,592.198,620.771,617.718,578.375,588.572,616.283,606.583,640.671,625.583,588.415,596.767,609.947,611.255,604.232,615.688,621.351,614.452,598.211,612.522,609.771,627.897,600.829,623.23,637.653,655.363,616.106,619.04,629.794,635.481,619.822,595.105,608.728,635.332,644.68,611.537,610.608,623.849,664.272,639.153,645.258,607.408,617.184,630.878,627.975,657.547,649.643
7.79,0.726,687.999,704.53,769.744,791.306,656.14,752.732,817.471,721.002,645.871,712.969,758.007,718.943,701.242,706.831,715.572,728.676,726.913,741.652,745.708,763.002,733.977,723.965,734.755,758.547,707.36,764.763,723.236,732.213,762.287,773.185,754.026,740.885,758.43,741.662,729.955,725.105,730.271,733.58,753.639,771.502,766.367,776.241,754.157,802.892,777.603,760.444,780.723,716.11,727.206,757.3,770.765,771.012,753.024,779.317,756.292,792.243,788.649,738.314,751.372,786.853,774.41,818.247,798.79,751.184,762.328,779.153,780.49,771.599,786.327,793.827,784.844,764.444,782.454,779.215,801.93,767.819,796.297,814.595,837.012,787.006,790.785,804.484,811.588,791.764,760.843,777.904,811.556,823.915,781.423,780.423,796.924,848.749,816.802,824.342,776.283,788.432,806.376,802.522,840.391,830.377
7.79,0.84,862.124,879.568,961.89,989.604,822.829,941.855,1020.78,902.153,809.905,892.622,947.621,899.8,877.57,884.977,895.817,911.637,909.87,928.112,933.453,954.368,918.507,906.182,919.769,949.105,885.138,957.202,905.662,916.563,954.356,967.251,944.353,927.694,949.904,928.642,913.785,907.957,914.714,918.999,943.72,966.107,959.767,971.78,944.414,1004.88,973.583,952.576,977.411,897.704,911.51,948.475,965.422,965.999,943.482,976.521,947.885,992.098,987.984,925.073,941.398,985.786,970.2,1025.26,1000.75,941.182,955.656,976.632,977.919,966.908,985.399,995.081,983.668,958.609,980.765,977.045,1004.9,962.857,998.233,1020.95,1048.67,986.409,991.163,1008.22,1016.89,992.391,954.539,975.428,1017.07,1032.96,979.76,978.737,998.824,1063.73,1024.05,1033.13,973.494,988.248,1011.15,1006.21,1053.57,1041.18
7.79,0.944,1031.55,1049.14,1147.85,1181.55,985.331,1125.22,1217.14,1077.94,969.868,1067.11,1131.26,1075.37,1048.85,1058.04,1070.86,1089.13,1087.45,1108.98,1115.59,1139.78,1097.54,1083.06,1099.3,1133.83,1057.73,1143.77,1082.82,1095.47,1140.62,1155.25,1129.05,1108.99,1135.69,1110.11,1092.2,1085.49,1093.82,1099.08,1128.15,1154.82,1147.37,1161.33,1129.01,1200.49,1163.57,1139.01,1168.04,1074.26,1090.62,1133.97,1154.22,1155.18,1128.37,1167.83,1133.9,1185.8,1181.28,1106.44,1125.86,1178.71,1160.14,1225.9,1196.54,1125.62,1143.37,1168.27,1169.43,1156.42,1178.5,1190.32,1176.57,1147.17,1173.18,1169.07,1201.71,1152.24,1194.12,1221.01,1253.69,1179.85,1185.53,1205.78,1215.86,1187.02,1142.72,1167.16,1216.33,1235.63,1172.27,1171.27,1194.64,1271.99,1225.04,1235.48,1164.96,1182.09,1209.77,1203.81,1260.16,1245.54
7.79,1.054,1221.31,1238.3,1355.02,1395.38,1167.68,1329.83,1435.43,1274.33,1149.44,1262.19,1335.99,1271.56,1240.39,1251.59,1266.54,1287.35,1285.86,1310.93,1318.99,1346.57,1297.49,1280.7,1299.85,1339.94,1250.65,1351.96,1280.87,1295.34,1348.55,1364.89,1335.35,1311.53,1343.18,1312.84,1291.54,1283.91,1294.05,1300.41,1334.14,1365.47,1356.82,1372.82,1335.18,1418.55,1375.57,1347.26,1380.71,1271.87,1290.99,1341.15,1365.01,1366.45,1334.98,1381.46,1341.8,1401.9,1397.02,1309.2,1331.98,1394.05,1372.25,1449.72,1415.04,1331.74,1353.16,1382.3,1383.28,1368.12,1394.11,1408.32,1391.98,1357.95,1388.08,1383.61,1421.37,1363.92,1412.83,1444.28,1482.26,1395.85,1402.57,1426.27,1437.84,1404.37,1353.19,1381.39,1438.69,1461.77,1387.36,1386.43,1413.25,1504.17,1449.38,1461.23,1378.93,1398.55,1431.52,1424.45,1490.59,1473.58
8.17,0.292,142.649,150.006,161.432,162.1,135.377,154.775,171.593,148.778,133.837,146.351,158.387,148.489,148.884,145.761,147.811,151.126,149.85,154.138,153.401,157.318,153.115,149.508,150.79,157.708,146.963,158.135,149.724,151.019,156.665,160.806,155.228,152.921,155.307,153.74,150.832,148.913,149.45,151.018,156.187,157.997,157.873,159.716,155.984,166.189,160.842,156.1,160.561,146.202,148.304,156.397,156.747,156.865,154.887,158.174,153.421,163.049,160.262,151.993,153.438,159.718,158.691,165.563,162.675,154.566,154.359,157.653,158.908,157.384,160.029,160.271,158.996,154.224,158.382,156.8,163.406,154.384,160.762,165.188,169.459,158.906,160.086,162.723,163.937,160.944,152.727,157.052,164.914,165.643,158.22,157.617,161.817,171.094,164.912,166.838,157.213,160.043,161.989,162.253,168.876,166.799
8.17,0.414,252.722,264.849,286.086,287.792,239.636,274.534,304.376,263.472,236.762,259.228,280.73,263.029,263.482,258.148,261.875,267.754,265.565,273.267,272.101,279.022,271.365,264.944,267.338,279.733,260.162,280.672,265.424,267.735,278.113,285.335,275.579,271.266,275.779,272.734,267.388,264.002,265.098,267.98,277.25,280.652,280.416,283.667,276.913,295.368,285.738,277.298,285.223,259.428,263.255,277.73,278.5,278.837,275.146,281.298,272.634,289.897,285.03,269.83,272.527,284.054,282.128,294.878,289.484,274.552,274.451,280.472,282.615,279.871,284.755,285.312,282.904,274.341,281.817,279.046,290.929,274.635,286.244,294.304,302.003,282.751,284.933,289.736,291.87,286.505,271.784,279.532,293.765,295.284,281.643,280.627,288.109,305.168,293.934,297.322,279.874,284.892,288.664,289.073,301.22,297.461
8.17,0.524,368.117,384.477,416.395,419.518,348.977,400.024,443.161,383.508,344.64,377.456,408.705,382.954,383.296,375.851,381.348,389.836,386.776,398.027,396.521,406.488,395.165,385.857,389.469,407.54,378.604,409.125,386.676,390.031,405.49,415.768,401.851,395.338,402.215,397.476,389.508,384.644,386.41,390.7,404.225,409.385,409.023,413.699,403.767,430.883,416.782,404.551,416.02,378.331,383.985,405.053,406.362,407.005,401.437,410.74,397.925,423.103,416.171,393.526,397.594,414.747,411.824,430.964,422.826,400.552,400.748,409.672,412.659,408.645,415.946,416.918,413.25,400.752,411.682,407.722,425.099,401.192,418.34,430.248,441.532,413.036,416.303,423.403,426.466,418.636,397.181,408.473,429.4,431.891,411.571,410.176,421.023,446.443,429.867,434.729,409.033,416.283,422.141,422.658,440.722,435.194
8.17,0.645,510.349,530.953,576.248,581.458,483.925,554.401,613.218,531.121,477.748,522.994,565.834,530.489,530.508,520.735,528.391,539.945,535.927,551.44,549.65,563.181,547.376,534.641,539.79,564.655,524.254,567.145,535.941,540.534,562.285,576.06,557.357,548.066,557.962,551.007,539.792,533.198,535.875,541.905,560.531,567.918,567.396,573.736,559.944,597.566,578.068,561.343,577.005,525.024,532.913,561.853,563.924,565.025,557.093,570.377,552.481,587.135,577.837,545.975,551.769,575.876,571.686,598.818,587.219,555.843,556.611,569.098,573.014,567.465,577.768,579.343,574.068,556.852,571.932,566.603,590.587,557.475,581.388,598.003,613.614,573.791,578.402,588.318,592.46,581.678,552.156,567.688,596.746,600.566,571.986,570.186,585.024,620.797,597.706,604.276,568.546,578.426,586.999,587.606,612.974,605.301
8.17,0.718,603.281,626.143,680.203,686.935,572.231,655.044,723.655,627.369,564.844,617.977,668.1,626.716,626.432,615.291,624.331,637.794,633.216,651.432,649.526,665.267,646.576,631.692,637.852,667.015,619.23,670.147,633.336,638.707,664.545,680.446,658.82,647.698,659.602,651.146,637.818,630.153,633.465,640.622,662.479,671.339,670.709,678.082,661.82,706.155,683.223,663.678,681.966,620.919,630.244,664.154,666.767,668.206,658.717,674.629,653.459,694.108,683.369,645.518,652.449,681.069,676.037,708.407,694.527,657.23,658.472,673.258,677.718,671.19,683.451,685.462,679.122,658.914,676.629,670.46,698.639,659.661,687.92,707.562,725.932,678.807,684.292,696.022,700.833,688.181,653.554,671.767,706.026,710.776,676.832,674.805,692.146,734.646,707.374,714.996,672.832,684.353,694.758,695.401,725.504,716.459
8.17,0.795,706.615,731.59,795.354,803.884,670.555,766.732,845.832,734.214,661.823,723.493,781.455,733.558,732.877,720.331,730.883,746.386,741.237,762.381,760.394,778.491,756.645,739.45,746.729,780.541,724.671,784.416,741.493,747.698,778.036,796.173,771.466,758.306,772.452,762.305,746.646,737.836,741.878,750.277,775.632,786.126,785.378,793.85,774.899,826.541,799.878,777.303,798.404,727.538,738.433,777.711,780.952,782.792,771.576,790.409,765.656,812.785,800.53,756.086,764.278,797.865,791.894,830.057,813.641,769.82,771.661,788.964,793.985,786.387,800.805,803.332,795.804,772.355,792.922,785.868,818.597,773.238,806.243,829.203,850.568,795.446,801.894,815.614,821.133,806.462,766.307,787.414,827.353,833.162,793.322,791.068,811.095,861.002,829.169,837.9,788.718,801.998,814.459,815.137,850.439,839.901
8.17,0.921,887.013,914.775,995.31,1007.2,842.539,961.155,1057.59,920.328,831.476,907.47,978.461,919.719,918.21,903.485,916.597,935.462,929.435,955.497,953.484,975.445,948.233,927.196,936.417,978.016,908.374,983.248,929.979,937.564,975.624,997.352,967.676,950.968,969.043,955.895,936.225,925.535,930.903,941.431,972.652,985.987,985.034,995.309,971.804,1035.8,1002.85,975.242,1001,913.654,927.217,975.472,979.864,982.454,968.246,992.156,961.303,1019.28,1004.59,948.827,959.204,1001.31,993.697,1041.87,1021.04,966.023,969.059,990.652,996.544,987.134,1005.26,1008.75,999.149,970.258,995.617,987.125,1027.51,971.382,1012.45,1041.06,1067.47,998.725,1006.82,1023.93,1030.61,1012.56,963.13,989.083,1038.65,1046.37,996.426,993.84,1018.32,1080.95,1041.38,1051.9,990.818,1007.01,1023.1,1023.81,1068.01,1054.95
8.17,1.055,1093.15,1122.97,1222.28,1238.24,1039.55,1182.49,1297.37,1132.42,1025.86,1117.37,1202.33,1131.92,1129.33,1112.45,1128.37,1150.8,1143.92,1175.33,1173.41,1199.45,1166.33,1141.18,1152.57,1202.6,1117.77,1209.44,1144.85,1153.9,1200.54,1225.96,1191.15,1170.44,1192.97,1176.38,1152.23,1139.54,1146.48,1159.38,1196.96,1213.48,1212.29,1224.47,1195.99,1273.48,1233.69,1200.68,1231.41,1126.19,1142.69,1200.64,1206.39,1209.89,1192.33,1221.95,1184.38,1254.08,1236.88,1168.54,1181.37,1232.94,1223.47,1282.86,1257.05,1189.56,1194.13,1220.45,1227.22,1215.8,1238.05,1242.73,1230.78,1195.97,1226.53,1216.54,1265.25,1197.37,1247.29,1282.15,1314.05,1230.27,1240.19,1261.06,1268.95,1247.26,1187.75,1218.94,1279.08,1289.03,1227.88,1224.99,1254.24,1331,1282.95,1295.33,1221.18,1240.48,1260.7,1261.45,1315.51,1299.7
8.66,0.289,121.097,125.966,136.371,134.574,114.246,129.118,145.044,123.409,113.237,121.002,133.798,123.892,128.252,121.557,123.802,126.796,125.146,130.206,128.388,131.293,129.898,125.251,125.505,133.505,123.33,133.72,126.514,126.67,131.689,136.359,131.208,129.045,130.49,130.507,126.896,124.552,124.939,127.807,133.118,132.91,134.032,134.829,132.789,141.703,137.265,132.363,135.768,123.115,124.824,133.263,131.053,132.04,132.07,133.117,128.681,139.12,134.873,129.364,129.352,134.191,135.086,139.81,138.034,131.925,129.853,132.863,134.417,133.801,136.153,135.129,134.182,129.846,133.76,131.678,139.541,129.218,135.935,140.815,143.818,133.486,135.449,137.542,137.859,137.085,128.587,132.97,140.811,140.285,134.43,133.833,137.924,145.476,140.326,142.095,134.122,136.344,137.255,138.299,143.361,141.53
8.66,0.379,188.952,196.339,213.025,210.43,178.107,201.731,226.772,192.577,176.459,188.814,208.996,193.349,200.062,189.65,193.219,197.954,195.365,203.341,200.551,205.138,202.806,195.522,195.957,208.567,192.396,208.964,197.506,197.785,205.796,213.081,205.03,201.544,203.93,203.851,198.119,194.438,195.099,199.624,208.021,207.766,209.518,210.772,207.504,221.653,214.614,206.902,212.252,192.223,194.948,208.276,204.872,206.466,206.431,208.217,201.132,217.618,210.992,202.098,202.143,209.914,211.271,218.931,216.018,206.182,203.026,207.823,210.265,209.268,213.035,211.468,209.934,203.046,209.254,205.973,218.447,202.056,212.742,220.531,225.307,208.825,211.943,215.296,215.791,214.559,201.07,208.014,220.508,219.728,210.346,209.42,215.879,227.996,219.795,222.559,209.849,213.366,214.885,216.538,224.645,221.731
8.66,0.481,277.538,287.919,313.09,309.673,261.448,296.652,333.52,282.874,258.918,277.371,307.175,284.044,293.67,278.554,283.879,290.878,287.096,298.876,294.9,301.671,298.003,287.316,288.033,306.648,282.525,307.347,290.25,290.719,302.735,313.352,301.6,296.313,300.035,299.715,291.177,285.779,286.848,293.542,305.974,305.749,308.301,310.147,305.226,326.302,315.832,304.476,312.355,282.632,286.716,306.424,301.558,303.982,303.776,306.661,296.041,320.433,310.778,297.261,297.446,309.179,311.083,322.787,318.291,303.388,298.934,306.127,309.692,308.188,313.869,311.637,309.285,299.043,308.274,303.441,321.973,297.583,313.549,325.198,332.331,307.642,312.301,317.34,318.06,316.209,296.169,306.476,325.128,324.108,309.956,308.62,318.181,336.461,324.185,328.236,309.222,314.423,316.852,319.274,331.496,327.147
8.66,0.586,379.392,392.821,427.838,423.734,357.359,405.756,455.859,386.63,353.78,379.204,419.826,388.258,401.003,380.737,388.065,397.618,392.514,408.576,403.342,412.569,407.275,392.797,393.868,419.238,386.031,420.34,396.8,397.51,414.139,428.425,412.584,405.193,410.526,409.828,398.087,390.774,392.356,401.498,418.491,418.377,421.811,424.322,417.485,446.455,432.081,416.642,427.348,386.638,392.282,419.189,412.761,416.154,415.676,419.934,405.249,438.559,425.565,406.639,407.044,423.379,425.842,442.311,435.917,415.112,409.312,419.254,424.067,421.966,429.861,426.935,423.619,409.557,422.223,415.654,441.062,407.574,429.57,445.649,455.477,421.368,427.78,434.768,435.736,433.175,405.688,419.806,445.507,444.277,424.605,422.822,435.877,461.306,444.366,449.838,423.592,430.696,434.241,437.53,454.515,448.525
8.66,0.702,503.47,520.075,567.061,562.449,474.392,538.52,604.102,512.918,469.507,503.279,556.616,515.102,531.322,505.174,514.89,527.453,520.822,541.928,535.31,547.419,540.062,521.168,522.709,556.025,511.949,557.679,526.435,527.46,549.655,568.154,547.603,537.634,545.004,543.724,528.153,518.609,520.863,532.896,555.285,555.399,559.846,563.135,553.979,592.36,573.336,553.112,567.128,513.389,520.908,556.313,548.148,552.728,551.825,557.869,538.293,582.128,565.293,539.736,540.482,562.413,565.464,587.812,579.039,551.029,543.795,557.039,563.296,560.459,571.035,567.364,562.856,544.248,560.994,552.394,585.968,541.656,570.859,592.258,605.311,559.883,568.385,577.734,578.987,575.568,539.229,557.862,592.006,590.612,564.244,561.959,579.127,613.242,590.708,597.817,562.889,572.242,577.219,581.529,604.287,596.335
9.14,0.309,117.628,119.786,130.974,127.75,110.455,123.18,139.163,116.458,109.659,113.829,128.695,117.888,125.442,115.601,118.484,121.587,119.364,125.437,122.938,125.263,125.582,119.967,119.306,128.82,118.143,129.131,122.136,121.529,126.602,131.766,126.956,124.472,125.62,126.591,122.023,119.257,119.69,123.986,129.846,128.126,130.458,130.233,129.475,138.231,134.231,129.001,131.476,119.226,120.869,130.249,125.924,128.133,129.654,129.29,124.271,136.459,130.949,126.606,125.547,130.002,132.618,136.741,135.459,129.693,126.089,129.445,131.396,131.702,134.311,131.885,130.975,126.444,130.742,127.861,138.248,124.847,133.267,139.536,141.742,129.544,132.773,134.696,134.068,135.509,125.435,130.575,139.75,138.146,132.549,131.95,136.561,144.006,138.895,140.74,133.03,134.897,135.29,137.15,141.737,139.815
9.14,0.387,170.397,173.486,190.055,185.49,159.844,178.696,202.143,168.772,158.641,164.942,186.713,170.848,181.773,167.476,171.708,176.277,173.03,181.925,178.32,181.753,182.095,173.898,172.972,186.904,171.161,187.388,177.055,176.207,183.712,191.235,184.205,180.519,182.273,183.621,176.911,172.867,173.531,179.803,188.419,185.965,189.351,189.047,187.873,200.794,194.881,187.215,190.86,172.805,175.238,189.018,182.759,185.989,188.147,187.719,180.305,198.187,190.163,183.639,182.142,188.776,192.55,198.741,196.777,188.189,182.988,187.938,190.794,191.203,195.064,191.56,190.2,183.52,189.845,185.63,200.874,181.195,193.578,202.808,206.094,188.108,192.833,195.694,194.793,196.851,182.033,189.584,203.107,200.805,192.49,191.616,198.387,209.445,201.891,204.581,193.169,195.93,196.563,199.284,206.106,203.271
9.14,0.474,236.205,240.393,263.775,257.646,221.42,248.025,280.766,234.065,219.686,228.755,259.108,236.93,251.958,232.197,238.114,244.518,240.004,252.408,247.459,252.289,252.581,241.192,239.958,259.383,237.275,260.102,245.563,244.442,255.014,265.444,255.664,250.453,253.01,254.781,245.394,239.763,240.734,249.452,261.515,258.185,262.865,262.479,260.749,278.906,270.58,259.88,264.995,239.651,243.08,262.362,253.742,258.237,261.145,260.705,250.272,275.252,264.133,254.791,252.785,262.2,267.378,276.234,273.369,261.176,254.041,260.995,264.976,265.488,270.926,266.116,264.182,254.801,263.664,257.794,279.096,251.582,268.918,281.865,286.527,261.268,267.849,271.906,270.677,273.468,252.71,263.273,282.259,279.114,267.349,266.137,275.599,291.25,280.618,284.346,268.255,272.146,273.113,276.904,286.569,282.585
9.14,0.583,327.852,333.44,366.32,358.224,307.24,344.64,390.101,325.08,304.737,317.775,359.85,329.003,349.498,322.387,330.619,339.553,333.313,350.515,343.781,350.547,350.644,334.925,333.307,360.239,329.321,361.307,340.932,339.478,354.314,368.673,355.155,347.81,351.538,353.812,340.748,332.951,334.375,346.417,363.223,358.756,365.177,364.701,362.148,387.555,375.875,361.026,368.162,332.752,337.566,364.411,352.636,358.855,362.716,362.367,347.745,382.453,367.15,353.793,351.146,364.474,371.513,384.162,379.973,362.71,353.013,362.736,368.256,368.865,376.493,369.955,367.214,354.092,366.449,358.322,387.94,349.666,373.811,391.898,398.492,363.174,372.284,378.022,376.36,380.107,351.159,365.858,392.405,388.146,371.558,369.886,383.033,405.117,390.22,395.345,372.739,378.202,379.672,384.934,398.583,393.01
9.14,0.704,440.764,447.845,492.306,482.115,413.157,463.681,524.288,437.335,409.681,427.694,483.699,442.491,469.29,433.61,444.606,456.58,448.302,471.211,462.433,471.531,471.226,450.396,448.378,484.236,442.682,485.765,458.322,456.526,476.545,495.511,477.581,467.624,472.855,475.621,458.147,447.778,449.793,465.767,488.26,482.529,490.979,490.43,486.811,520.97,505.226,485.436,494.999,447.464,453.962,489.862,474.436,482.704,487.598,487.514,467.816,514.131,493.923,475.55,472.22,490.365,499.538,516.918,511.023,487.517,474.892,487.958,495.309,495.973,506.259,497.742,494.004,476.369,492.921,482.118,521.672,470.53,502.84,527.119,536.084,488.628,500.735,508.542,506.389,511.202,472.414,492.065,527.737,522.212,499.726,497.515,515.055,545.023,524.959,531.719,501.192,508.563,510.706,517.723,536.261,528.768
9.14,0.791,528.771,536.845,590.174,578.582,495.885,556.422,628.378,524.91,491.638,513.546,579.97,530.974,562.359,520.377,533.455,547.72,537.928,565.114,554.856,565.722,565,540.369,538.09,580.632,531.003,582.54,549.718,547.701,571.676,594.046,572.84,560.872,567.309,570.366,549.564,537.276,539.766,558.673,585.454,578.836,588.781,588.196,583.719,624.524,605.684,582.192,593.586,536.871,544.652,587.373,569.282,579.084,584.684,584.905,561.343,616.376,592.543,570.248,566.462,588.325,599.039,620.117,612.854,584.527,569.794,585.394,594.113,594.779,607.092,597.149,592.64,571.58,591.299,578.5,625.526,564.699,603.164,632.138,642.928,586.261,600.607,610.01,607.503,613.069,566.849,590.227,632.823,626.392,599.377,596.768,617.606,653.634,629.643,637.604,601.027,609.851,612.554,620.889,643.187,634.238
9.54,0.367,140.173,140.349,154.597,149.87,131.281,145,164.053,135.911,130.493,132.656,152.119,138.4,149.912,135.662,139.731,143.654,140.413,148.486,145.133,147.485,148.939,141.598,140.004,152.567,139.384,153.067,144.843,143.642,149.747,156.143,150.85,147.519,148.773,150.657,144.386,140.765,141.38,147.648,155.218,151.849,155.714,154.525,154.728,165.141,160.702,154.233,156.255,141.888,143.832,155.988,149.067,152.807,155.885,154.359,147.628,163.821,156.27,151.835,149.717,154.871,159.525,164.208,162.95,156.102,150.49,154.905,157.637,158.838,162.276,158.08,156.995,151.336,156.879,152.643,167.556,148.475,160.293,169.217,171.212,154.57,159.658,161.874,160.26,164.019,150.341,157.254,169.648,166.797,160.116,159.397,165.483,174.542,168.335,170.586,161.415,163.373,163.477,166.447,171.678,169.248
9.54,0.42,174.498,174.72,192.685,186.841,163.314,180.668,204.611,169.238,162.305,165.171,189.567,172.335,186.685,168.887,173.99,178.925,174.866,184.992,180.812,183.785,185.531,176.339,174.37,190.122,173.527,190.759,180.392,178.913,186.611,194.616,187.97,183.77,185.382,187.705,179.835,175.292,176.078,183.92,193.437,189.249,194.073,192.61,192.818,205.938,200.33,192.206,194.768,176.668,179.119,194.399,185.764,190.437,194.254,192.402,183.931,204.254,194.809,189.152,186.53,193.055,198.852,204.804,203.176,194.512,187.519,193.07,196.497,197.971,202.298,197.076,195.704,188.579,195.545,190.239,208.942,185.008,199.838,211.048,213.589,192.669,199.033,201.841,199.839,204.502,187.315,195.993,211.579,208.03,199.589,198.687,206.326,217.772,209.952,212.765,201.192,203.671,203.828,207.551,214.17,211.11
9.54,0.539,259.735,260.068,287.294,278.811,242.874,269.349,305.382,252.116,241.291,246.067,282.604,256.674,277.907,251.462,259.104,266.559,260.487,275.667,269.48,274.019,276.388,262.653,259.789,283.4,258.318,284.385,268.667,266.539,278.206,290.157,280.172,273.802,276.34,279.702,267.881,261.065,262.289,273.983,288.328,282.167,289.322,287.213,287.377,307.233,298.698,286.485,290.405,263.012,266.73,289.746,276.946,283.89,289.475,286.898,274.099,304.615,290.53,281.752,277.93,287.913,296.472,305.641,303.037,289.813,279.475,287.835,292.985,295.08,301.611,293.916,291.829,281.055,291.539,283.605,311.648,275.758,298.003,314.875,318.805,287.293,296.772,301.074,298.14,304.972,279.098,292.132,315.637,310.392,297.555,296.199,307.663,325.087,313.26,317.438,299.862,303.656,303.964,309.548,319.646,315.027
9.54,0.673,368.302,368.736,407.64,396.102,344.349,382.426,433.496,357.934,342.001,349.468,401,364.244,393.789,356.815,367.597,378.206,369.656,391.09,382.477,389.005,391.967,372.646,368.738,402.068,366.339,403.509,381.046,378.175,394.85,411.639,397.514,388.403,392.178,396.739,380.009,370.376,372.18,388.598,408.968,400.448,410.435,407.586,407.59,435.912,423.666,406.372,412.022,372.956,378.271,410.936,393.08,402.797,410.47,407.141,388.915,432.072,412.308,399.45,394.222,408.631,420.512,433.844,429.908,410.866,396.499,408.364,415.656,418.436,427.726,417.067,414.073,398.715,413.584,402.413,442.022,391.322,422.754,446.688,452.421,407.689,420.98,427.2,423.156,432.563,395.855,414.299,447.712,440.416,422.008,420.09,436.291,461.309,444.452,450.286,425.117,430.595,431.138,439.031,453.564,446.992
9.88,0.283,83.8382,83.0094,91.4306,88.3536,78.6555,85.8337,96.6628,80.2696,78.3145,78.4213,90.1059,81.9697,89.6121,80.4185,82.9945,85.3444,83.2179,88.146,86.1157,87.2816,88.5072,84.1062,82.8378,90.4511,82.8389,90.7666,86.2019,85.3573,88.7889,92.4838,89.6952,87.6607,88.3049,89.7323,85.8358,83.6436,84.0337,88.0376,92.6316,90.0657,92.7661,91.6823,92.3155,98.1916,95.8142,92.0419,92.7503,84.7085,85.7935,93.1869,88.4458,91.0201,93.3792,91.9889,87.8224,97.7655,93.0342,90.903,89.2924,92.112,95.4856,97.9855,97.3983,93.5927,89.7662,92.4449,94.1885,95.2571,97.342,94.3587,93.7588,90.4634,93.7672,90.9923,100.583,88.3854,95.8716,101.569,102.416,92.0528,95.4954,96.7103,95.4136,98.4679,89.9846,94.2409,101.889,99.8558,96.0775,95.664,99.3904,104.563,101.01,102.299,97.1457,98.1392,98.0397,100.047,102.89,101.452
9.88,0.35,119.12,117.951,130.153,125.769,111.619,122.084,137.757,114.043,111.111,111.386,128.238,116.471,127.436,114.221,117.932,121.337,118.271,125.383,122.464,124.169,125.885,119.54,117.731,128.718,117.689,129.176,122.547,121.349,126.327,131.655,127.615,124.666,125.618,127.656,122.03,118.862,119.432,125.194,131.841,128.165,132.039,130.502,131.377,139.897,136.435,130.98,132.028,120.36,121.934,132.63,125.819,129.513,132.885,130.922,124.894,139.249,132.436,129.298,127,131.11,135.944,139.596,138.714,133.178,127.688,131.556,134.078,135.588,138.601,134.331,133.463,128.684,133.46,129.461,143.292,125.704,136.495,144.725,145.977,131.006,135.95,137.724,135.875,140.236,127.971,134.116,145.179,142.258,136.773,136.174,141.551,149.066,143.923,145.772,138.286,139.742,139.605,142.504,146.642,144.56
9.88,0.488,203.341,201.378,222.83,215.388,190.194,208.802,236.258,194.746,189.252,190.151,219.479,198.89,217.764,194.932,201.375,207.356,202.026,214.418,209.372,212.417,215.223,204.19,201.117,220.26,200.884,221.069,209.376,207.354,216.127,225.391,218.3,213.116,214.857,218.327,208.514,202.977,203.998,213.982,225.623,219.314,225.989,223.399,224.792,239.782,233.64,224.098,226.01,205.462,208.235,226.959,215.207,221.572,227.332,224.065,213.505,238.539,226.725,221.033,217.119,224.43,232.731,239.263,237.6,227.791,218.344,225.097,229.509,232.024,237.291,229.977,228.451,220.047,228.395,221.453,245.519,214.919,233.684,248.055,250.34,224.191,232.724,235.893,232.74,240.179,218.733,229.449,248.819,243.777,234.104,233.051,242.418,255.7,246.671,249.857,236.638,239.253,239.046,244.103,251.436,247.787
9.88,0.649,318.872,315.876,350.037,338.691,298.028,328.014,371.509,305.781,296.441,298.608,344.733,312.159,341.464,305.859,315.975,325.471,317.107,336.626,328.761,333.685,337.767,320.435,315.741,345.886,315.073,347.192,328.513,325.446,339.452,353.996,342.755,334.497,337.4,342.7,327.222,318.481,320.144,335.774,354.213,344.463,354.839,350.915,352.865,376.742,366.874,351.784,354.95,322.192,326.619,356.259,337.969,347.877,356.732,351.88,335.137,374.603,356.108,346.72,340.723,352.52,365.369,375.988,373.135,357.37,342.715,353.386,360.354,364.116,372.455,361.162,358.725,345.35,358.552,347.666,385.514,337.387,366.894,389.589,393.377,352.054,365.36,370.487,365.645,377.076,343.165,360.062,390.745,382.907,367.436,365.767,380.519,401.797,387.444,392.399,371.256,375.505,375.256,383.227,395.016,389.229
10.24,0.32,94.0991,92.3474,101.771,98.1608,88.3751,95.6218,107.347,89.2931,88.1234,87.4038,100.426,91.2966,100.556,89.6264,92.6314,95.3294,92.7291,98.3698,96.0939,97.2134,98.8103,93.8837,92.1764,100.81,92.4748,101.164,96.347,95.335,98.9858,102.967,100.201,97.8539,98.4966,100.419,95.8857,93.3727,93.8476,98.5423,103.864,100.386,103.803,102.258,103.444,109.753,107.29,103.117,103.427,94.8158,95.9626,104.536,98.5929,101.754,104.934,102.921,98.0477,109.528,103.995,102.069,99.9229,102.876,107.259,109.791,109.227,105.233,100.455,103.493,105.597,107.091,109.458,105.679,105.068,101.435,105.122,101.755,113.212,98.7369,107.529,114.316,114.969,102.886,107.111,108.404,106.654,110.835,100.954,105.848,114.72,112.115,108.052,107.594,111.872,117.493,113.659,115,109.487,110.474,110.203,112.701,115.648,114.041
10.24,0.444,160.151,157.156,173.769,167.551,150.074,163.001,183.657,151.895,149.595,148.597,171.403,155.351,171.428,152.401,157.648,162.399,157.857,167.742,163.764,165.775,168.476,159.845,156.909,172.042,157.335,172.667,164.132,162.391,168.854,175.834,170.94,166.802,167.974,171.291,163.343,158.927,159.771,167.969,177.32,171.302,177.23,174.588,176.571,187.714,183.331,175.995,176.608,161.379,163.409,178.469,168.137,173.63,179.117,175.691,167.13,187.245,177.588,174.072,170.375,175.642,183.228,187.765,186.703,179.605,171.317,176.645,180.338,182.878,187.03,180.497,179.42,173.002,179.479,173.603,193.636,168.328,183.69,195.591,196.803,175.616,182.956,185.269,182.254,189.462,172.111,180.689,196.282,191.749,184.563,183.754,191.244,201.202,194.445,196.775,187.009,188.789,188.326,192.705,197.944,195.115
10.24,0.587,249.298,244.678,271.146,261.518,233.277,254.138,286.992,236.537,232.451,231.345,267.386,241.907,267.063,237.2,245.464,253.019,245.865,261.499,255.235,258.501,262.593,248.951,244.406,268.344,244.898,269.349,255.677,252.985,263.328,274.365,266.549,259.957,261.9,267.044,254.464,247.463,248.82,261.734,276.572,267.196,276.464,272.4,275.367,293.155,286.099,274.455,275.546,251.211,254.458,278.345,262.157,270.76,279.284,274.056,260.473,292.283,277.084,271.26,265.53,274.028,285.86,293.226,291.411,279.999,267.043,275.479,281.33,285.209,291.792,281.617,279.898,269.657,279.934,270.682,302.289,262.357,286.59,305.421,307.463,273.919,285.418,289.161,284.485,295.673,268.165,281.737,306.484,299.38,287.885,286.597,298.432,314.388,303.626,307.278,291.631,294.537,293.837,300.764,309.19,304.695
10.64,0.304,79.0237,77.0049,84.6385,81.5411,74.438,79.6943,88.9862,74.5582,74.3535,73.2053,83.643,76.2124,84.2959,74.917,77.4277,79.6685,77.3907,82.0845,80.1999,80.9658,82.4756,78.4396,76.8438,83.9539,77.3133,84.2411,80.5568,79.6603,82.4927,85.6133,83.6433,81.6799,82.1288,83.9714,80.1366,78.0333,78.4398,82.4452,86.9262,83.6104,86.6934,85.1907,86.5238,91.4362,89.5814,86.2294,86.1088,79.4047,80.2879,87.5028,82.1485,84.9359,87.9536,85.9519,81.8375,91.4254,86.7458,85.5573,83.5404,85.7698,89.813,91.6378,91.2525,88.2492,83.967,86.459,88.2829,89.7294,91.6719,88.2626,87.8187,84.9288,87.8968,84.9652,94.8107,82.4499,89.885,95.7013,96.0051,85.8395,89.5493,90.5454,88.9022,92.8799,84.5801,88.6399,96.0608,93.7028,90.5332,90.1659,93.7237,98.1353,95.1424,96.1437,91.8866,92.5919,92.256,94.4679,96.6749,95.3736
10.64,0.425,136.413,132.873,146.59,141.12,128.176,137.746,154.452,128.546,127.994,126.125,144.803,131.469,145.817,129.133,133.608,137.633,133.571,141.967,138.597,140.005,142.643,135.419,132.608,145.331,133.38,145.849,139.185,137.602,142.718,148.312,144.742,141.215,142.049,145.304,138.445,134.674,135.405,142.551,150.579,144.714,150.177,147.542,149.851,158.703,155.336,149.321,149.166,137.07,138.665,151.588,142.077,147.026,152.355,148.851,141.484,158.626,150.284,148.054,144.498,148.55,155.705,159.04,158.3,152.855,145.262,149.72,152.987,155.512,158.988,152.959,152.161,146.951,152.275,147.05,164.619,142.563,155.823,166.224,166.819,148.639,155.222,157.037,154.14,161.159,146.288,153.551,166.856,162.659,156.947,156.283,162.641,170.609,165.228,167.007,159.312,160.614,160.016,163.975,167.974,165.638
10.64,0.566,214.682,209.109,231.305,222.631,201.354,217.066,244.117,202.23,201.005,198.33,228.419,206.869,229.77,203.074,210.251,216.76,210.241,223.761,218.336,220.674,224.805,213.169,208.716,229.212,209.836,230.052,219.189,216.679,225.002,234.031,228.199,222.494,223.893,229.062,218.02,211.928,213.115,224.585,237.534,228.208,236.912,232.766,236.349,250.717,245.206,235.483,235.341,215.678,218.272,239.116,223.921,231.821,240.276,234.774,222.896,250.484,237.105,233.325,227.689,234.334,245.715,251.211,249.928,241.03,228.923,236.097,241.372,245.322,250.919,241.338,240.046,231.58,240.18,231.802,260.019,224.598,245.875,262.623,263.674,234.406,244.908,247.894,243.306,254.433,230.437,242.136,263.621,256.895,247.623,246.543,256.767,269.734,261.022,263.866,251.326,253.499,252.536,258.919,265.448,261.673
10.95,0.296,70.761,68.6582,75.2569,72.4617,66.8272,70.9891,78.9365,66.5791,66.8298,65.5339,74.4522,68.0047,75.3453,66.9238,69.1274,71.0948,69.027,73.1712,71.4932,72.0701,73.5336,69.9926,68.4943,74.7235,69.0315,74.9775,71.9142,71.0744,73.4651,76.1081,74.5664,72.8259,73.1684,74.9424,71.515,69.6449,70.005,73.615,77.5961,74.4299,77.28,75.8361,77.2076,81.3358,79.8122,76.9325,76.6083,70.9676,71.7083,78.1114,73.1437,75.6983,78.5728,76.6215,72.9675,81.4209,77.2612,76.4546,74.5458,76.3764,80.1676,81.6073,81.312,78.8607,74.9113,77.0818,78.73,80.1198,81.8133,78.6608,78.3079,75.8454,78.3952,75.7406,84.5851,73.5299,80.135,85.3528,85.4822,76.4724,79.8459,80.6778,79.1271,82.9154,75.5652,79.1275,85.6811,83.4966,80.8281,80.5122,83.6439,87.3712,84.8544,85.663,82.1103,82.6659,82.3088,84.3325,86.1326,85.0084
10.95,0.415,122.748,119.026,130.966,125.978,115.625,123.266,137.668,115.301,115.603,113.408,129.51,117.846,130.994,115.88,119.841,123.402,119.683,127.155,124.127,125.2,127.792,121.402,118.733,129.972,119.651,130.431,124.847,123.349,127.697,132.48,129.653,126.506,127.146,130.312,124.137,120.756,121.407,127.9,135.085,129.432,134.527,131.968,134.379,141.874,139.088,133.877,133.345,123.09,124.437,135.994,127.092,131.666,136.791,133.334,126.743,141.978,134.499,132.962,129.562,132.913,139.684,142.333,141.762,137.286,130.217,134.129,137.108,139.56,142.612,136.985,136.347,131.87,136.481,131.711,147.622,127.735,139.608,149.013,149.289,133.053,139.089,140.617,137.856,144.606,131.329,137.755,149.597,145.671,140.83,140.254,145.895,152.674,148.116,149.566,143.093,144.131,143.482,147.135,150.419,148.387
10.95,0.553,193.307,187.409,206.805,198.832,181.727,194.34,217.773,181.427,181.644,178.351,204.444,185.496,206.61,182.285,188.671,194.461,188.457,200.549,195.645,197.443,201.545,191.2,186.941,205.137,188.332,205.88,196.735,194.344,201.445,209.212,204.558,199.448,200.525,205.592,195.604,190.116,191.174,201.649,213.291,204.243,212.408,208.35,212.137,224.358,219.777,211.311,210.548,193.799,195.998,214.723,200.418,207.76,215.948,210.465,199.793,224.434,212.369,209.733,204.307,209.824,220.661,225.043,224.05,216.702,205.363,211.687,216.519,220.39,225.324,216.324,215.289,207.978,215.466,207.773,233.458,201.359,220.505,235.721,236.243,209.985,219.668,222.19,217.789,228.564,207.035,217.438,236.651,230.316,222.433,221.487,230.604,241.681,234.267,236.599,226.003,227.748,226.686,232.61,237.99,234.69
chi2_vertical,,301.912,286.83,171.288,200.244,409.078,235.323,130.139,315.663,427.053,346.355,186.91,297.589,219.039,327.118,288.727,251.562,278.237,213.843,236.04,216.31,213.538,270.106,279.036,185.161,296.018,181.949,246.462,251.223,202.479,163.931,196.664,221.854,209.906,199.548,246.793,277.046,270.056,223.33,168.827,189.334,165.786,172.493,172.319,120.735,138.766,175.179,163.551,274.99,255.313,164.543,207.333,183.983,166.523,173.939,219.672,125.221,163.557,194.639,205.847,171.547,144.639,128.074,130.246,165.834,199.593,171.625,155.457,149.313,132.18,154.406,159.29,193.748,160.225,185.527,110.045,212.674,143.365,106.069,105.951,173.797,145.97,136.433,145.967,123.996,201.663,158.623,103.732,118.847,142.985,146.871,118.523,99.5579,110.146,104.17,136.824,127.266,129.461,115.046,105.489,110.82
